layout:49,2
learning rate:0.1
Sigmoid
0.7437449011741286
4.159636240768066
-4.3209095891004345
-3.240972149268427
1.684467804639703
1.7380699823276409
3.322829496713574
-3.3185702461265123
3.865316101687654
-3.9880290274091057
-1.1313007267577948
1.1819604122570553
-1.8603436128157549
-2.286105958780551
-4.621666582469865
-1.5235805142332612
2.7886775574693505
-0.655523413339747
3.0675790802462863
0.3181705337147358
-2.6450640644575083
-1.5563301814237072
-0.9853578684424793
1.079467558212409
-3.749311096287907
0.6768159994655987
3.427842212883272
-1.8055916403989682
1.1037274116538365
-1.6488930096489018
-2.114119100695998
-0.650437522281015
-4.343072845564291
4.597108650541852
0.9732925888103514
-2.166287706866885
4.703761001501354
3.3816684813371456
4.556010194974716
3.796037170383359
-0.9794766103233208
0.7626708855490065
-0.42325398524199365
-4.187544811775471
1.5470388851603643
3.352738716766101
3.6971548224505213
4.122739010666946
-3.828858890448842
-4.171872657607163
Sigmoid
4.373506833839196
4.1764002330785654
-0.6117797733164112
0.5006911225587469
0.024870274963793904
-3.286762673603546
-3.1643399846128286
-1.535049674789125
-1.162435623481095
-1.4951724944026354
1.2429925351742046
3.638918061660899
-0.5530902086693859
-3.9038653312740337
-4.307876051020064
-1.8635043378052396
0.24707216518927666
3.411795943347922
-3.752010586674076
-0.15911610204754378
4.402055449839997
2.9295429576434797
0.9985208479854997
0.7925901694279816
-4.234328481556057
-0.7264014954666722
-1.6661797396082347
-1.937733017134712
-3.1344248119623073
3.5437871409740396
-4.102048861173327
-2.852258920644722
3.86622198345613
-3.5285197454006125
3.0627717223431787
1.6162492445411827
4.997868120929736
-1.4186014049502926
4.001753691725121
1.7070236736498012
-1.6764974477658559
-4.0613270919059685
-4.517255257452337
-1.0839810488519088
1.9128614614535921
0.7734623206088207
3.35214523769298
3.2037129342401442
4.50244437652527
-2.6991815338639027
