layout:2,5,5,1
learning rate:1.0E-7
Linear
-4.2821269695422775
4.169869030328247
-0.819384750104967
Linear
-1.7180473575755957
-2.674542518293247
1.786576615972479
Linear
4.0007748123508895
3.7941408987091805
1.8188082053165233
Linear
1.123945009494975
-4.1968022524546456
-2.1222833875249623
Linear
1.4778807491461043
1.283128046956074
3.1399275456323354
Linear
3.906506906456368
-2.7603864777834763
-2.6797286711606394
0.017307894673768958
-2.6604980874037345
4.067053556179947
Linear
-2.2838478080718057
-3.89924802676607
2.1918622373743695
-2.098070623592407
-3.867074418970368
1.0268975306681005
Linear
-0.532543701193242
-3.588046500447981
-1.304873563366046
-3.188619451491304
1.920102017022949
-1.6643591360844656
Linear
1.317630976047051
-2.3994946114977003
0.9435610082961966
1.048172612664164
-5.031376199423066
-3.3499256066342884
Linear
-1.8512495122720969
-3.589456603098284
-2.000527910251907
-4.38529743462729
-4.283448298433803
0.7124946353686266
Linear
1.935287477773047
3.065636955402818
-2.8385711030430323
-3.231749610476215
1.1678979129976421
-1.6283675202692625
