layout:2,5,5,1
learning rate:1.0E-7
Linear
-2.550862489981164
-0.21691504898700567
-3.112075591229282
Linear
2.0494087784191053
-4.2457700993808585
4.369876063602814
Linear
0.8438642629187889
4.76606876776932
2.9939784008151498
Linear
-0.4289007455335988
1.0176668812501555
-0.9757935564800413
Linear
-1.1732335366272688
-0.10385163299036884
3.174694393987316
Linear
1.6257893250149162
-2.4612189904589465
-0.7062540468424692
0.4194924922933983
-3.5101959316181897
-2.9767747918797243
Linear
3.985958214249637
-1.9783282962339923
0.7785930006447666
-2.2733491277763846
-0.3950863094613596
-3.88555141814537
Linear
-4.822095211099756
3.305070926711145
-1.3272867318885062
-3.1438138958739437
0.4173338280978088
-0.882951056461538
Linear
-3.852661042567914
-4.857976042684216
-1.147382932822998
-1.724440182163841
3.676021870725642
-1.2313685077988603
Linear
3.392550749642981
-2.8122673628468564
2.6220954079125707
-4.123413936656699
-2.9656372899894454
1.4530450549306526
Linear
-1.6731278339085647
5.0617400661272445
3.8108389820046904
-0.48231646328494
3.068833457004831
2.6115296829701293
