layout:2,5,5,1
learning rate:1.0E-7
Linear
-2.5084577446269565
-0.61596800063834
-0.7719847441205443
Linear
-0.5458933807555482
-2.8924752782289813
-0.45860683063789687
Linear
-2.91032864837382
-2.139882173801861
1.844795641020693
Linear
1.5688969018349552
1.8518183103747665
1.1771289047336972
Linear
-1.0290601979317169
1.9026146117795482
1.487733527820133
Linear
1.836810529512226
-1.5785356031057745
0.23207982099391614
2.0101147514216833
-1.9889099712247442
1.93872810366646
Linear
-0.932282202807441
-1.432106480231089
-1.5795539775812153
-1.8014152489303135
1.198304349260515
2.940079387949024
Linear
-2.029443790845938
-0.4986559199231983
-0.7448263582395533
-1.3799180652972465
1.087507282997532
-0.5548235366651881
Linear
2.8252621461665655
0.8380198617249519
1.542134102687379
-2.019688116378603
-2.979801205178081
-0.541090766358289
Linear
2.794066579488053
1.1153306773484402
0.5659058208611559
-2.927697354709472
-1.3031778040232582
0.4839957571773975
Linear
1.9405038496767064
-1.7551767479893894
1.2775695538141207
-0.7128498311286309
0.6843053892342851
-0.8276045766073861
