layout:5,9,2
learning rate:0.1
ReLU
-4.832548560436912
2.1448892783919575
-3.1889147430067464
4.9615016556456375
-2.4535541398272254
0.7266700395977841
ReLU
4.735209292420906
3.8391987143208652
-4.81629867903473
-3.4739354659905617
-0.0975068340068228
2.5961733045506126
ReLU
-1.607916360049717
4.157165651642972
2.8963391643704064
3.34058359753538
-1.6263755144421541
-2.3912399823395725
ReLU
1.1975553877118088
0.44955980033957044
4.918566958661113
-4.928282867665331
-3.9462545941487868
4.369377416469941
ReLU
-4.258314368355459
-2.8888073875540865
3.2737262232172792
-4.385156780344518
-3.278671113124265
0.5862907324772406
ReLU
1.0063625074478786
2.2348018944722927
-0.6523641171152548
-4.973519351441587
4.760466928936527
4.723557641429101
ReLU
1.539906368949337
-2.2068092147667597
4.932187761851608
3.3834036675892207
0.6591063993196702
-0.7133431900925649
ReLU
4.92856638898864
4.4813334354191685
3.0200204273927937
-0.2977680327244183
-1.3892838305126007
3.1934056910397857
ReLU
2.4985640941670955
4.397013800426642
4.22733551781978
3.2931218791716947
1.9332971167641997
-4.203221818891904
ReLU
-1.7309630943080858
-4.184432393781919
4.936187908041891
-4.045146182142306
-3.2537588070680155
1.5169574141853648
2.456191795183953
-4.6312860159246565
3.278144874402905
4.849617091504792
ReLU
-2.0197669297908725
0.4666960817465764
3.077540935391074
0.3853235319964812
-2.3903187440198037
4.296407821312888
-0.573962102102433
-3.8546838054293486
-3.5835587230136867
2.378011749813834
