layout:5,10,1
learning rate:0.1
Sigmoid
3.480740857729364
-4.533058705245145
-3.7199883728513736
0.8188337416565101
-0.27997965617400666
4.293361647797592
Sigmoid
1.1811061719072269
-3.389215685659661
0.9549730228249187
-2.585818594053111
-0.2485190408175253
-1.6513947131391902
Sigmoid
0.08815595272285126
-1.726582669200285
4.806335815315329
0.6440447991610192
4.273484883798904
4.227811013444029
Sigmoid
1.0854384694321153
0.8122835110851758
-2.9885263208115553
4.738168575092105
4.546760670402044
0.7878913705684418
Sigmoid
3.549730417006126
-1.9374365412226338
-0.8737119342824995
-3.6077117194867094
-1.9600619855264387
-1.012893183400534
Sigmoid
-1.3806634653597927
-4.580922456597042
0.3263838659107332
4.631948273525948
-0.9562090683258271
0.036824305544791436
Sigmoid
-1.2725735077641733
1.4346138248241331
-1.386747610968114
-0.39544252393853263
2.720116484260271
4.03975008235877
Sigmoid
-1.721833047447535
-2.8465293105842204
-3.950483216004501
-3.9862110355607197
-4.314419013859165
-3.4909939200559172
Sigmoid
-3.541902538292839
3.0550087953290603
-0.6367527062303253
-2.6892930447391916
2.966904117899329
1.6839111791746584
Sigmoid
-2.0486125557996693
2.0329262138185156
-4.560968081041441
0.27579444681973797
1.3854902090454955
2.517683255887169
Sigmoid
4.017261777488278
4.7368536933801675
-2.9238935473629954
3.50166275594
-2.0484545304786286
-1.8729112653127666
4.336676066505836
-2.847446763378753
4.318354494185533
2.097760523208697
4.578005735149972
