layout:3,55,6
learning rate:0.1
Sigmoid
3.6278223736195656
-3.5499791620737176
0.11399737832126888
-1.9413000847053907
Sigmoid
-2.4489302048816652
0.5072219582963697
-4.644770125759239
-4.875155551397676
Sigmoid
4.215558464157533
0.10083575908559972
-2.5178655872252467
3.8365406038883982
Sigmoid
-1.0692621275296221
1.6075760725451973
-0.7842886184558919
0.8592196150680067
Sigmoid
1.964707183686345
1.810471959069333
4.68065695729255
4.000294266618207
Sigmoid
-2.272536811937671
-4.368668819160312
-4.202083198673058
2.7414814087243826
Sigmoid
2.7878156936748617
-4.417309638522359
1.1029792120040574
3.361246935344461
Sigmoid
-3.4390581346216766
-1.5221180023167555
-2.5471459840723676
2.413543262829303
Sigmoid
1.5211365077562
-3.2164387573030764
3.8835240331647665
1.2059704079156806
Sigmoid
-3.1256128939441465
0.40723167415013783
4.740969799761176
4.359938226604923
Sigmoid
0.7679830904552638
-0.31698483249291876
-3.8672900886195674
-2.46263304418462
Sigmoid
1.3194494822777276
1.8521129607842743
-4.266883736085994
2.982908777637099
Sigmoid
-3.985332975737592
1.4301109141840005
1.024599717843918
-3.34236639022489
Sigmoid
2.3551258464103366
-0.4885202302496383
-4.8319153305549385
-2.5704285107001654
Sigmoid
0.02683264030610566
-1.7176691312906414
2.8700225782966617
-2.961543338709477
Sigmoid
-3.681528420325404
4.79568470087084
0.8495190308127265
-0.6335274258137851
Sigmoid
2.0339984886194653
2.409217832219798
-1.1920182382042874
-1.0762475803516658
Sigmoid
4.724924084354793
-0.8063467839483724
-2.8349789259694225
1.3968387388743668
Sigmoid
-0.28988106444977646
0.09066468988305232
-2.751837895333382
3.61026165865146
Sigmoid
-2.9439432138141317
3.6323672700151945
-1.8897376762671736
-3.6841542959966134
Sigmoid
4.457980852244534
4.630170214780849
1.6973471000082982
0.851315059248873
Sigmoid
1.7925699868024036
1.3989709444891947
4.700911381979484
-0.10079199457604737
Sigmoid
3.0052426467838913
-0.19662702347324146
1.1025610357753433
3.3290790939142294
Sigmoid
4.950333139024124
-3.304188733701813
4.1551926945228175
2.4204083325791963
Sigmoid
0.819934105678378
2.1621762556698156
0.3437468333445075
-0.35940354476984293
Sigmoid
-2.1227062489479556
3.3987250428731315
0.7298862829754116
-3.408122306021437
Sigmoid
-4.646775330175381
3.014776306141126
-2.9912085321820414
-0.25706781184422134
Sigmoid
-1.4309397347130668
1.088886162224913
0.5925830249678672
2.1254363957758073
Sigmoid
-0.3827228049786955
3.4019058982187804
3.0837146138590565
-0.6972602970598176
Sigmoid
3.2609761295009463
-2.0714749895395856
-4.386991537490646
-0.39268803380878836
Sigmoid
-0.8940059974131831
-2.1103925040749436
2.6908290455519452
1.8955571576071542
Sigmoid
-2.445504688199441
2.4508313991493766
3.456224281715185
-1.1169569567863027
Sigmoid
-2.4335260161946595
-4.501154904395199
-0.49231238548312817
0.5001486104913022
Sigmoid
-1.1643292598354105
-1.1656441406297855
3.8605237968759116
-0.35241441815965135
Sigmoid
-0.3710117657017422
-1.4077281636861896
-3.701203733266212E-4
2.2332016983495864
Sigmoid
4.243571505930877
2.732219428144301
3.482831401595986
4.435929578725151
Sigmoid
0.8032891822510981
3.038461589202205
1.0987382206673635
2.7696933348019472
Sigmoid
0.9464381513470546
-2.7735532904188753
4.1944200102964775
-3.290457105988125
Sigmoid
-2.1509341725065454
-4.5260800771119145
3.4620192660030575
-0.6057622076717202
Sigmoid
-2.016611025167485
0.9777318149031622
2.209758911501498
-0.7660483651783991
Sigmoid
-4.971643595422338
-4.01681518732513
3.941620392082374
4.128728588069601
Sigmoid
1.4294930070605547
3.140953528294798
-2.0686978926048747
0.4427700293853487
Sigmoid
4.247731310371037
-2.982667732909853
3.3998943681317417
0.8815856309342607
Sigmoid
-2.8579826984044523
2.1167478871338297
-1.1069669371586732
-1.0165044107142087
Sigmoid
-0.4019399320009107
1.8711964200355862
-1.4978731042382898
3.0639238931344135
Sigmoid
-2.154335583288449
-2.290546147002366
0.6855767579175618
-0.8596232481485346
Sigmoid
-0.7003274400487056
-1.460381855561339
-1.3802636829643564
0.6179505187994296
Sigmoid
3.8146119789581423
-1.2382556401781395
3.2456914653816824
2.3296696197313302
Sigmoid
0.5607292707623204
-2.726964762531395
1.4767603152326627
-2.097092398633027
Sigmoid
-1.0908337437078175
0.836253125691492
2.392952115698267
2.362594342454342
Sigmoid
-4.643388557367461
2.6527250294576934
3.6724395524064697
-3.616128359782287
Sigmoid
-3.775157847118078
1.0145109302524746
-1.0035601682875814
4.671305000287081
Sigmoid
-2.3618556802212085
3.5060132861541273
4.712715526663553
-1.4312791267158573
Sigmoid
0.11168282000086194
-0.6164946049917681
0.654247930975199
2.1931833116766954
Sigmoid
4.976466098512791
-3.5182386259652674
-4.316551206533751
2.13858484886072
Sigmoid
3.821631369623601
-0.71982627834167
3.2686183072564976
3.1087718872373173
0.15235479026264098
1.6064444407166274
-3.8018243465519355
-4.282912790171594
4.541765724472688
0.8641442883887676
2.3995200538714236
-1.8713448091011342
0.6978258380522586
0.6411323566786766
-4.246788239273279
0.22369597901499105
0.0712112517970862
-4.910964409304347
-3.2205179203123526
-2.475393908155228
-3.102188125909656
1.559686840884127
-1.877080959431252
2.2564920953868794
3.8995425871603278
-2.357370902795971
-1.1275044707524828
0.6003053482936371
1.2597391726172136
4.968487187067494
-0.07205689620756672
-1.5503312238398168
-2.055513163172673
4.926225773662292
-0.14020723401667023
2.7969495970714133
4.9588115151088665
0.7879962996435772
-2.990759398499021
2.2510765523461114
4.706740235580199
-3.356499762129249
-1.0646783643139415
-1.8709396690702764
-0.7331861386817575
-3.9835201714693182
4.740701248841063
-2.9348767999427428
3.0997145463714073
2.0691638633467146
-0.7062768151837737
-2.8541967464250098
2.472250939095596
-3.1038075784740893
0.9131841848961066
2.2063428935491123
Sigmoid
4.712018200592981
-0.43224987606761367
-4.306373143048587
3.113135635264623
-4.700370802339773
1.3023406797749608
2.3227768991822835
0.6089474531079127
-0.23950639372925053
1.4328355088047253
0.9790755887900682
1.6120900903594553
0.33569790781774067
-0.3248616004037883
-1.3039114312530131
-0.26232844493246077
4.491615697468154
-1.3829947977257917
1.4418943074654669
1.248507556811287
3.4704610575447337
-4.684736537315894
0.08539534956351957
-0.3547770855785659
4.289068756366028
2.4228811046626175
3.4078108978281847
-4.330465171985315
-2.1392288674306883
-2.6369675205077314
-3.633555823690523
4.621653554143196
-0.7546882777965038
2.725519675013227
-4.070852313694876
-0.4178037867477773
3.424319783130601
2.2816017282574954
-0.02826909941090605
-2.619039734044617
1.4549459638083704
4.796495905324825
-3.0331096506749065
3.969352814517187
-2.6281646510414456
2.164511165017303
-4.507934941365947
-2.769768356741112
-4.212303450533966
-0.7000166342454612
2.9449504302737974
-1.8016376512958052
3.785300977058542
0.6878793765299243
2.279232553688866
-3.8333510286014647
Sigmoid
-1.6011789346389929
2.531144320800901
4.059431576717914
-0.7822479656237515
2.7500065080916594
0.027566474966861598
-1.3174295932395097
-0.652342314574959
-0.2652432071772157
-3.5328585794659095
0.2257156073553226
0.5372157584651749
2.0482460032900986
4.5616137748623515
-0.9477361076371977
-1.1203805627562158
1.2918202211042926
0.7010848923789297
-4.953825130353369
-3.8137508402989715
-3.077528520004683
-0.3217252075017303
-2.8578191165121645
2.3702590236189156
-2.1142290274767084
0.8292260669653295
-2.3186693516304
-2.653263846192595
-4.08428057837588
-3.4900496429834815
2.0450543929866773
0.19021688747555832
-0.3099474479268638
0.3617098969531103
-4.992736435489059
1.8547961414157088
3.2971187675052267
-4.086661873393476
-4.707173727053224
-2.110979524606893
0.8005210297577392
-4.272798450823237
-1.0579073300009556
-0.732792266584732
1.0802952347579318
-2.4838888382949897
0.2549641768356361
2.7107885164936523
3.5844772715068096
-3.5583052628718894
-3.675664638325966
-3.312279753650861
-3.857517012664615
2.150438158235647
-2.532434583450093
-4.3450234862704455
Sigmoid
0.5718122623042818
-4.988179475093055
1.2259572949122628
3.048564406729925
0.452157386817019
-1.5063449990632072
2.0260595956224368
3.0274822066399594
-1.8539196821778514
3.642962407012405
2.0829289651558494
2.042476869646709
4.913000510624936
-2.7635967054570876
1.6743202979650205
3.9274169869002833
-1.2066903463131973
-2.6775047224818693
-1.4739005956369633
-3.599450829026407
-0.16798764731514915
-1.401451114370805
-3.2769965496535383
2.614859716054509
1.1663665242804164
-4.651541213130315
-4.704800586200932
-1.2887856970594083
-2.4804209803225694
1.5131868686708119
-4.570080118731118
-2.79509459124059
-0.27731678023167383
-4.126022143030063
3.1187869408517006
-3.524315263872949
-4.970686405384569
-4.700944895671136
0.9752563416806117
-1.366680953051369
-1.8068382625875987
0.5377416723547377
-1.0570514140870122
1.595150979819011
-2.454521924833981
-2.858340758258434
-1.3355408587946793
-3.660890702074208
3.640068407750359
-1.2491436231838238
0.39156679227343716
-3.014942143448056
-4.574199059133378
1.2034280690830634
4.491590269483197
-0.390667076664867
Sigmoid
0.36172883300943326
3.7103810796422323
1.8409684187036524
-4.4882341308532405
0.40750389755427463
-2.3167889496406335
-1.304030514248459
-3.9685563165566142
-4.598161954194718
4.709860985219768
1.9917637261289762
-1.0530850894336985
-1.0156515956508825
2.64542487726899
0.44491604605672475
0.9984971942336776
-0.07880333889510993
2.8171722420587066
-4.6793063612594015
-2.8651999954197716
3.462515009971355
1.9391709523816258
2.2754009435216602
4.712525914274167
3.189686662905654
-0.5100154981253047
2.2952906601641416
0.06807103765326339
3.7031284134123084
-4.972372720298846
-4.572577637514774
-4.3686067398293895
-1.5437005387454672
0.19916271382806272
-4.265828471453376
-1.9329273479501707
-4.940758947778506
-2.951966524883339
-0.2980818723357288
1.8044443803268422
2.4550271043446354
-2.369586824019124
3.1957727281298602
-2.241868582307319
0.5150861217735301
-0.07742218826838076
3.976026582555914
4.042261617246869
2.8044312929699036
1.5344899301460977
-2.2216605839151904
4.046108017390456
-2.4645851595663637
-4.159498936232841
-3.9914921844143847
-2.6341610156470505
Sigmoid
0.05870070954621731
4.796273004195752
2.2139832780174684
0.7765238726517465
2.632727448375178
-1.0682725203600771
2.6681400209800117
-0.31951072451125295
3.6680109364505604
-2.206967870689507
3.6396187533337354
-4.717424898176768
-0.8397849353520082
3.4523380204394396
4.2179000071435535
-0.8802062627605896
3.605998444462049
-4.387814277396037
-1.0724073776667953
4.5123468885539655
-3.6617811644870524
-0.6978043271351044
-1.2122557958601412
4.004909039824776
1.922160765388071
-4.8011284806808385
2.958818407876076
2.9315404817710933
0.022024169193683107
-1.804962846717646
-4.331200146390909
1.8645428923078082
0.9769963413161431
2.003638421512772
4.721228124801545
4.897026426709747
-1.781200008166115
-3.698657027369334
-1.4382201730041744
-3.53908882477063
-2.382303313884684
-1.7994288954527091
-1.3836467975291256
-3.3034666575440363
-3.138504321089574
1.684298018168776
2.412433810156757
4.266988755975284
-4.947798256075423
-2.953833887478959
0.8568489762586804
-4.050211248728212
3.847509098663611
-2.650843813585426
-0.03315151934113558
4.340367381527413
