layout:2,5,5,1
learning rate:1.0E-9
Linear
-2.0543960013954066
2.7542521357046152
3.471700358255548
Linear
-1.7696555371761558
1.149286556291187
-2.4999006456544066
Linear
-0.6635305674957869
3.8173009962733087
2.7803148452453166
Linear
-0.5257744872913026
2.2926971700107663
-2.792692551907852
Linear
0.8901296350799377
2.426395466822445
-4.290571530741832
Linear
2.437278288880074
-1.1466854280340908
-0.25108582229755955
-4.348801640215259
4.836575636837315
4.423473777178983
Linear
1.8441721603530703
-4.89064669637138
-2.048539111581595
-0.6045468818047514
3.1914959266949823
2.277812775140563
Linear
-2.4195071532373316
1.1160039263467865
-2.475824349624605
-0.4369151997691313
-2.0039360058024163
-2.9077443059683206
Linear
1.483362988453473
1.238776159093107
-2.6463262326366306
4.605254495385113
-2.2305797814263983
-3.3052239534593406
Linear
-0.45667536677111237
-2.3122673140439547
5.044788640593346
2.0371356593853744
-0.10864956476300534
-4.527296802532222
Linear
1.4717408036060384
-3.4715790658695953
4.310968290360285
-1.6171860100034168
3.7993656477107605
-1.6655044289178929
