layout:2,5,5,1
learning rate:0.1
Linear
4.795777970456154
-3.3414535287934455
-0.2789839586902323
Linear
2.921103124930542
4.524926209991403
-1.2059134484193832
Linear
-0.14415550469338
2.058971320905263
3.6789017017074084
Linear
0.9559305618173708
4.259609486379722
-2.549303703664121
Linear
-2.421799050558413
-4.3460150985922965
1.0166484828205133
Linear
-0.8912525132219624
-0.5136667669425501
-0.3964331604212621
3.4241166302916266
-2.5337535969166614
1.1862574656977678
Linear
-0.6986536028653632
4.2526804230883535
-2.498292421582411
-0.21075877673628796
-3.9893312550780213
-3.995196422821584
Linear
-3.5561555332276895
-4.583658949551498
-3.7167301151021395
-4.336640938820862
-1.7999450461138213
-2.5115929460536046
Linear
4.19322993684815
2.5502607566136657
-4.017718006914549
-2.9812880756215043
0.5703318316491117
-0.3957453743948589
Linear
-3.003480635445037
-1.476985893476356
2.693826790004888
1.6389665534893618
-0.4826842728631391
-2.0549347440680577
Linear
-4.85606981384635
-1.0432410563811647
3.1862018703552213
2.341274852824336
-1.1927937500135766
1.070892625267322
