layout:2,7,5,2
learning rate:1.0E-4
LeakyReLU
1.778317584063589
0.45196818886190365
-2.344873850998333
LeakyReLU
-1.2253492723801036
0.959773122885569
1.6152127419216225
LeakyReLU
-0.17049219638513627
-1.2829360607235343
2.213009917721984
LeakyReLU
-1.4843354931859256
0.23902703373649964
2.1931954803225984
LeakyReLU
0.5565761483743615
-1.936671961056946
-1.7552537978742555
LeakyReLU
-0.5255589275690777
-0.1937747389234546
2.08221842091299
LeakyReLU
1.1145265006710172
-0.30672126406571604
1.1195659891963392
LeakyReLU
0.033990765152533776
-0.2741008535941384
-0.9684141600461571
2.7635786469066277
0.8754439059271916
0.5681198760554136
-1.9764573502727365
-2.026778476885591
LeakyReLU
-1.135331708394767
1.560904286090835
-1.2430343266385702
-1.3637871093924423
-1.237039063362417
2.361014681984398
-0.06487586208093714
-1.9237743794563815
LeakyReLU
-2.541483639038449
0.9064037697063172
1.4983132932284489
2.462302802276316
-0.7801159910376186
-1.4988600114868633
-1.1896212762446705
-2.5795471395368965
LeakyReLU
-0.5583863233562694
0.6607001961717311
0.32510476380020137
2.187705135046434
-3.213981421096017
-1.4483422217419037
1.59059049215934
0.49392258505058007
LeakyReLU
-0.8682109040134504
-2.308506582765407
-1.0805334109575195
-0.37015512775826165
1.0509513220201714
-1.2690521019668664
0.5874785006303944
-0.4381984647665403
LeakyReLU
-2.3285430171719956
-0.37508888903547116
0.8668423276292432
-0.7242880396412966
-1.38499675841651
-1.9478603479526135
LeakyReLU
0.5440332050590085
-0.945750921973965
-0.010945799745109784
0.9067042244695335
-1.6353313687807922
0.5997320087501468
